 -4.70  224353.66
 -4.54  197372.75
 -4.45  181070.27
 -4.39  170090.17
 -4.35  162792.47
 -4.34  160975.69
 -4.27  148388.95
 -4.17  130996.41
 -4.11  121002.71
 -4.07  114555.98
 -3.97  99268.20
 -3.83  80022.48
 -3.69  63400.31
 -3.67  61238.97
 -3.63  57075.56
 -3.60  54088.84
 -3.49  44103.51
 -3.42  38510.15
 -3.28  28954.49
 -3.15  21840.21
 -2.90  12074.13
 -2.85  10634.48
 -2.80  9337.29
 -2.78  8855.57
 -2.65  6199.28
 -2.56  4777.52
 -2.17  1327.09
 -1.96  586.58
 -1.93  517.78
 -1.91  475.74
 -1.76  240.88
 -1.61  113.57
 -1.56   86.60
 -1.40   34.11
 -1.36   25.81
 -1.35   24.46
 -1.28   15.47
 -1.21    9.98
 -1.14    6.58
 -1.04    3.66
 -0.96    3.48
 -0.77    3.19
 -0.73    3.48
 -0.67    4.29
 -0.61    4.77
 -0.60    4.00
 -0.44    5.70
 -0.40    5.58
 -0.37    6.06
 -0.35    5.80
 -0.26    6.65
 -0.19    6.95
  0.16    8.72
  0.35   11.65
  0.46   13.34
  0.59   16.42
  0.65   18.89
  0.67   19.82
  0.98   52.80
  1.05   71.17
  1.16  117.22
  1.21  147.46
  1.27  194.37
  1.31  233.70
  1.40  354.00
  1.49  530.54
  1.54  663.24
  1.84  2323.79
  1.92  3172.63
  1.97  3836.39
  2.14  7124.78
  2.22  9405.28
  2.23  9732.64
  2.28  11523.39
  2.30  12318.52
  2.57  28993.44
  2.58  29882.66
  2.80  56661.64
  2.96  87807.92
  3.11  129938.22
  3.18  155115.39
  3.27  193790.95
  3.33  224108.05
  3.38  252509.19
  3.43  284054.69
  3.55  374444.13
  3.57  391763.80
  3.64  458107.31
  3.66  478805.74
  3.88  767614.85
  3.95  887407.10
  4.11  1225432.44
  4.16  1352247.37
  4.28  1705227.68
  4.41  2177628.13
  4.42  2218359.17
  4.86  4834344.24
  4.90  5171978.95
  4.94  5530350.41
  4.95  5623311.15